corrected_A = 0.33622811699494
corrected_A_sqrt5 = 0.75182892554744
alpha_interval_radius_exact = 2^-900
alpha_interval_lower = 1.8392867552141611325519
alpha_interval_upper = 1.8392867552141611325519
beta_re_interval_lower = -0.41964337760708056627593
beta_re_interval_upper = -0.41964337760708056627593
beta_im_abs_interval_lower = 0.60629072920719936925934
beta_im_abs_interval_upper = 0.60629072920719936925934
beta_abs_interval_lower = 0.73735270576032767520176
beta_abs_interval_upper = 0.73735270576032767520176
b_abs_interval_lower = 0.25999000212203995774096
b_abs_interval_upper = 0.25999000212203995774096
certified_beta_abs_upper = 0.73735271
certified_beta_decimal_bound = 0.738
certified_beta_bound_check = True
certified_b_abs_upper = 0.2600
certified_b_bound_check = True
relative_minpoly_A_sqrt5 = x^2 + 5/44*aa^2 - 5/11*aa - 5/44
absolute_minpoly_A_sqrt5_monic = x^6 - 5/11*x^4 + 25/484*x^2 - 125/1936
absolute_minpoly_A_sqrt5_integral = 1936*x^6 - 880*x^4 + 100*x^2 - 125
height_A_sqrt5 = 1.2613965446394
tau = 1.2663401680965
mu = -0.59276696598306
first_reduction_k = 72
first_reduction_p = 15136144531388965939312829111354084553
first_reduction_q = 11952668732083860469560629603327231815
first_reduction_q_gt_6M = True
first_reduction_nearest_mu_q = -7085147179717970289260170647537245907
first_reduction_nearest_tau_q = 15136144531388965939312829111354084553
first_reduction_mu_dist_lower = 0.42135027501370
first_reduction_tau_dist_upper = 5.0321658738995e-38
first_reduction_epsilon = 0.40625377739200
first_reduction_epsilon_lower = 0.40625377739200
d_bound_real = 185.59150739134
d_bound_certified = 185.59150739134
d_final = 185
rows = 186
max_w_certified_row = {'d': 54, 'k': 72, 'p': '15136144531388965939312829111354084553', 'q': '11952668732083860469560629603327231815', 'epsilon': '0.00049942337240220', 'epsilon_lower': '0.00049942337240220', 'nearest_mu_q': '-7085147179846734751600216121008339801', 'nearest_tau_q': '15136144531388965939312829111354084553', 'mu_dist_lower': '0.015595920994101', 'tau_dist_upper': '5.0321658738995e-38', 'w': '198.55719807', 'w_certified': '198.55719807'}
max_w_certified = 198.55719806756
m_final = 198
wrote main_reduction_table.csv
